================================================================================
BASIC STATISTICS
================================================================================

         Year    Month      Day     Hour  Minute  Temperature  Clearsky DHI  Clearsky DNI  Clearsky GHI  Cloud Type      DHI     DNI  Fill Flag      GHI  Relative Humidity  Solar Zenith Angle  Solar Azimuth Angle  Panel Tilt  Cloud_Effect_Ratio  DNI_DHI_Ratio
count  8784.0  8784.00  8784.00  8784.00  8784.0      8784.00       8784.00       8784.00       8784.00     8784.00  8784.00  8784.0    8784.00  8784.00            8784.00             4215.00              8784.00     4416.00             4367.00        4367.00
mean   2020.0     6.51    15.76    11.50     0.0        27.48         67.17        309.39        284.37        4.06   101.81   182.9       0.31   230.22              71.95               47.64               178.75       34.60                0.78           2.41
std       0.0     3.45     8.81     6.92     0.0         4.99         81.00        353.09        360.85        3.25   142.51   272.7       1.03   315.76              22.66               22.04                97.05       21.09                0.28           2.38
min    2020.0     1.00     1.00     0.00     0.0        14.90          0.00          0.00          0.00        0.00     0.00     0.0       0.00     0.00              14.07                2.91                 3.69        0.02                0.04           0.00
25%    2020.0     4.00     8.00     5.75     0.0        23.90          0.00          0.00          0.00        0.00     0.00     0.0       0.00     0.00              55.91               31.04                88.33       16.17                0.67           0.40
50%    2020.0     7.00    16.00    11.50     0.0        26.80          0.00          0.00          0.00        6.00     0.00     0.0       0.00     0.00              76.23               47.41               178.99       33.16                0.89           1.50
75%    2020.0    10.00    23.00    17.25     0.0        30.60        130.00        695.00        626.00        7.00   168.00   348.0       0.00   474.00              92.40               66.09               270.19       53.25                1.00           4.09
max    2020.0    12.00    31.00    23.00     0.0        43.40        432.00        970.00       1070.00        9.00   516.00   970.0       5.00  1070.00             100.00               85.96               348.60       73.39                1.00          10.75